.Random.seed <-
c(403L, 10L, 2034208780L, -89663006L, -391265603L, 1248623927L, 
1473454558L, 1754310424L, -2132545925L, 1629748249L, 1119964328L, 
-1213094314L, -871054639L, 1812312707L, -1198135022L, -1401369436L, 
-890258329L, 1628779965L, 1472227124L, -357559142L, -7447835L, 
-1619901313L, -172728826L, -2146481776L, -1582246861L, 1285635025L, 
1314468224L, 1751931998L, -1902945367L, -610573733L, -533629334L, 
-1235821812L, 1015500111L, 464492037L, -590897988L, -1560453742L, 
-2072553843L, -112169785L, 1446234542L, 236581896L, -411080693L, 
698072297L, -2056234056L, -97205146L, 427025665L, 2104845203L, 
2081973314L, 327547892L, -2045217289L, -860468755L, -1832301948L, 
1317694634L, 1533655573L, 1439803055L, 1555612854L, 1636242144L, 
-1326453213L, -2014940863L, 1014565936L, 1611052622L, 2081833657L, 
1110259403L, 1365135226L, -1719634308L, 1243198143L, 1033130901L, 
1425920940L, -474359422L, -1071079587L, -1289801129L, 55703870L, 
683137400L, 900248155L, 1259607481L, -1858050040L, 595335862L, 
-1322774031L, 1883375651L, -1450653582L, 901552836L, 1452141703L, 
-2123751331L, -99637676L, 1667679354L, 2064248773L, -692899553L, 
-592977754L, 500531760L, 2652371L, -282626319L, 1996936736L, 
-1155809090L, 246695113L, -1257099653L, 924785738L, 1189766316L, 
1067402159L, -710580379L, -1105707748L, -1770683022L, -1075425811L, 
-1347419609L, -928902578L, -314304856L, 287091883L, 1534348745L, 
-549273128L, 585349254L, 1074029921L, 1270339827L, -1116649630L, 
-1166618156L, -521915177L, -635472179L, 1607827044L, -97059766L, 
1874287029L, -815307505L, -628895210L, 622955712L, -521745789L, 
683259553L, 49313936L, -1040886930L, 812244249L, 1788431787L, 
-298234982L, 1313661788L, 2006655583L, -411571659L, -690171444L, 
2139662626L, 2024172413L, -2052290441L, -576954978L, -488319912L, 
-1073081925L, -2057935015L, 1527661800L, 1023438102L, 549834385L, 
-633519293L, 295976530L, -285830940L, 1841210151L, 935622525L, 
728226420L, 283583578L, -161653595L, 1063569087L, -120169146L, 
-2056494128L, 677850611L, -1806128879L, -1714531008L, 515560734L, 
-855232023L, 1542996763L, -1889415894L, 515884620L, 1742889487L, 
-1374497467L, 876017404L, 2006207826L, -1553489203L, -408012153L, 
179379566L, 1235818312L, -207113397L, 1894685353L, 950792184L, 
910049062L, 644857921L, -285740589L, -1212490878L, 1586098100L, 
-1704204489L, 1307360813L, -2010861756L, -914543510L, -1973283115L, 
1372127343L, 1598046582L, 121621152L, 333674339L, -39003135L, 
-2090399888L, -1507700978L, -94983815L, 283712779L, 1087104570L, 
2012970300L, -303304065L, 1511324117L, 1535227884L, -1411626686L, 
-823241059L, -363724009L, -2041179522L, 366060088L, -1612368613L, 
1262404217L, -2067530040L, -1094846730L, 68476721L, -2119821469L, 
-1455600334L, -226840956L, -1871426873L, 1617275293L, 1545452820L, 
769397690L, -787909115L, 276150239L, 142380646L, -1522099728L, 
783939347L, -2005452623L, 639134560L, 279746814L, 195545225L, 
881579963L, -1401171574L, 831504492L, -692018705L, 1457224229L, 
-658075940L, 2012177586L, 658548653L, -2003725552L, -1027229460L, 
2003180628L, 1327692562L, -1945248352L, 1555150796L, 1690461024L, 
1858997442L, -1672084952L, -1898402388L, 1336425276L, 1062018930L, 
778362672L, -774786012L, 1739911736L, 146466522L, -1406708848L, 
-2102212356L, 761741716L, -93416638L, 721394176L, -440249284L, 
903223888L, 268874914L, -726124728L, 1578229260L, 334130908L, 
-1010347950L, 459161728L, -1564841132L, -749055000L, 719241978L, 
735981392L, -519966676L, 781721972L, -443710830L, -568569248L, 
1787237516L, 2069079392L, 1607788770L, 78459048L, -1592866100L, 
-828557828L, 2081054642L, -1073674256L, 2046141892L, 300095832L, 
-77597318L, 714560944L, 131021244L, -997438892L, 221441474L, 
-1040934112L, 992267196L, 696116304L, -1779904542L, -1855040664L, 
742557516L, -553342212L, 874412786L, -2038624000L, -1686997900L, 
-184612344L, 635886010L, -484873776L, -1182037012L, 63551380L, 
-1295950638L, -1558640544L, 905859404L, -727664864L, 477846146L, 
1915464168L, 1558017004L, 1741966908L, 370928242L, 1481191280L, 
1328775460L, -1956188616L, -1381032550L, 2027652560L, 1965023676L, 
-374009196L, -2108430718L, 2134110656L, 1485369148L, -297458032L, 
-679611614L, -1860860408L, -273877236L, -1954457700L, -1759096814L, 
-490069120L, 439308052L, -565991128L, -1319227334L, 1594050512L, 
-447034772L, 1441406004L, -722729838L, 1779903840L, -364310196L, 
-1632765472L, 309178274L, 988729256L, 245933196L, -40426564L, 
970160242L, 1933960176L, -972595132L, 661849176L, -980344774L, 
-796860304L, -1459834308L, -691193068L, -330948926L, 1399713504L, 
1824806012L, 1210212560L, 1894732706L, -1748942296L, -2122857204L, 
-1980363844L, 1165133106L, 1453956288L, 1168035380L, -6867256L, 
-1507830086L, 196092048L, 1654065900L, -1327793580L, -741458286L, 
598735648L, -1573811252L, 961457376L, -2108855614L, -1611452376L, 
1105415084L, -933623108L, -971622926L, -232094160L, -1703768156L, 
-1776986696L, 978681690L, -254023536L, 126086012L, 103883540L, 
1825960258L, 492847872L, -2025488452L, -1666800816L, -191400670L, 
1880231496L, 1223202828L, 1324163164L, 589130194L, 1259407872L, 
825934164L, -351259416L, -742298374L, -779667760L, 1270553900L, 
1394133236L, -1034926702L, -1947371168L, 371693580L, 991702752L, 
63982178L, -1424892248L, 355186252L, -2033968260L, -825387726L, 
1148280432L, 62622532L, 369644504L, 401993594L, 1368560176L, 
-1710650436L, 1001185876L, 1834290242L, -2021001056L, 2032988860L, 
-307061296L, -616712350L, 1780855528L, -722463540L, 1602244092L, 
205896178L, -2040883584L, 1790100980L, 533750408L, 1253029690L, 
-1251582128L, -514450324L, 1537306004L, -1452712878L, 1727556064L, 
1005925580L, 1661386912L, 1584392578L, 16627944L, -667700500L, 
-1066945220L, -2135196558L, 2117756016L, -728617948L, 806240312L, 
773233434L, -1690149680L, 1643760444L, 919795604L, 697847682L, 
-1593989696L, -422137284L, -1345771120L, -334452190L, -991687416L, 
402807436L, -991164644L, 1950736530L, 543891840L, 1359184404L, 
2111914792L, 8455738L, 992987600L, 1874056556L, -1754750028L, 
-978008987L, 1476522370L, 451242736L, -1009115495L, -1760312693L, 
-664394884L, 3880362L, -333808161L, -1690924183L, 1331112830L, 
2008695660L, -1452030019L, 2005824647L, 1602472048L, 990941966L, 
-126500805L, -1047154915L, 1879973322L, 1676457704L, 440687057L, 
1373752259L, 1341883588L, 356883314L, -574544313L, -2073176559L, 
-32073834L, 693291764L, 278305925L, 1268974031L, 64984264L, -662162074L, 
-1092016237L, 51792117L, 1164583122L, 974065440L, 1681616649L, 
-2039613381L, -259478132L, 1766941722L, -1755416433L, 86151129L, 
1950380142L, -478055428L, -1338973843L, -775242985L, -178656544L, 
1744787646L, 663238283L, 1432374541L, -2095390406L, -1803628168L, 
-345431263L, -260754477L, -1049109772L, 810644354L, 148718103L, 
-1356730143L, -1579753946L, -63015132L, -64399403L, -292384897L, 
1394055704L, -1779926730L, -1624176701L, -500570619L, 461817250L, 
1401031056L, 1217966393L, -468793877L, -1644411172L, -470404342L, 
-61596161L, 907846729L, -54667810L, 2141562252L, -923602595L, 
1764444519L, -1490363760L, -1797286738L, 972121435L, 639486269L, 
-273157206L, -620428216L, 73149553L, 1265527267L, -967850780L, 
-1989992430L, 1077711847L, -774702159L, 142562806L, -855656428L, 
1819891493L, -826822609L, -1751524888L, -199983418L, 1584037747L, 
409638869L, 587378610L, 375863680L, 625074537L, 751543771L, 1225022764L, 
-1441962182L, -1594926609L, 1393343609L, -374780146L, -1553700L, 
-2128967347L, 717178039L, 812801600L, 1373310750L, 1156580843L, 
-1364428435L, 393091034L, -948088424L, 1064615937L, 85193139L, 
-1138382636L, 487173602L, -1823000457L, -2113393215L, 1150879558L, 
-1022963068L, -882377675L, 425376799L, -475145352L, -265772458L, 
1421668067L, 959449253L, -1589618366L, -140763344L, 1399901017L, 
2116296907L, 1680617788L, 1187233130L, 69261215L, -1930509783L, 
-1632752450L, -504711764L, 72502013L, -1597372857L, 1203361072L, 
-133781938L, -32631173L, -387050019L, -2131827702L, 133084456L, 
-2060117103L, 231701891L, 1598651012L, -548452174L, 1118935047L, 
