.Random.seed <-
c(403L, 10L, -1836370116L, -532077038L, 383362317L, 873713223L, 
785585198L, 1108859272L, -193077109L, 1698249321L, 1708590648L, 
-1986347290L, 1788091009L, 384845331L, -1640934974L, 325982836L, 
325926007L, 249382253L, 29841924L, -1723729622L, -2024485227L, 
496051503L, -640557002L, 2106971232L, 933485219L, 2141777345L, 
1422854576L, 202922190L, -238934471L, -1238828981L, -1962284550L, 
1390650620L, -287864513L, -277461483L, 30594348L, 1786648066L, 
-168776483L, 1190680535L, 1071358654L, 1381905656L, -106902821L, 
-251473607L, -605743992L, 220746806L, -444059535L, -894754141L, 
-1297762318L, -1536271548L, -1023249401L, 62231005L, -1711616300L, 
-1747684870L, 600939845L, -2140051041L, -1357505754L, -809745488L, 
-1520775085L, -1709995151L, 542948000L, 1625574974L, -2133056183L, 
-1491149829L, 668671946L, 892793132L, -165909201L, -1999006747L, 
-1461646692L, 764743410L, -1949073555L, -1038493529L, -1160496434L, 
1973561384L, 88093739L, 1555281481L, -2002960552L, 1352989190L, 
345809889L, -1221115533L, 1492513250L, -125811372L, -2071298985L, 
-2089648051L, -928971804L, -490806838L, 1699489845L, -2141755761L, 
422287254L, -1928398016L, 209958403L, 608291873L, 413949712L, 
1989309678L, 2118655129L, 2058287403L, -473878502L, 716876508L, 
-1542505761L, -1246411595L, 2053255756L, 372506274L, 468600317L, 
-851955977L, 1693992990L, -1462850856L, 1477172795L, -301052967L, 
-401647256L, -397741930L, -738341359L, 2073814979L, 1814404050L, 
-2040338844L, -1990445657L, -245863683L, 368439028L, -610367014L, 
-455062235L, -497148865L, -1321907258L, 357935184L, 1091224691L, 
1665509521L, -933758784L, 267973278L, 970632809L, 1342930587L, 
-1081994326L, -1900873780L, -789329265L, -1902779707L, -115455364L, 
-1755494702L, -1514507699L, 173743879L, -85212434L, 1973991368L, 
592689355L, 1485441321L, 146731384L, -329681242L, 440041665L, 
1674103123L, 176502274L, -53670092L, 787111095L, 1913154733L, 
-415884860L, -859194902L, 436618837L, 707631087L, 357672950L, 
-1202986720L, 1198198499L, 993572737L, -331157008L, 1688563854L, 
1332344825L, 1073843595L, 287013306L, -44058436L, -43721729L, 
-843069099L, 170594924L, -735529278L, -383598307L, 1743206295L, 
1470083838L, 1051986104L, -348417381L, -651353863L, 187286088L, 
-284471946L, -1917551439L, 1079701731L, 1588154290L, 424660996L, 
968491847L, -12232163L, -1673187180L, 1699971130L, -1701076347L, 
-1287429281L, 923425766L, 294377072L, -2003215981L, -235626959L, 
-707586848L, 1507132798L, 450697225L, -39053253L, 751625738L, 
1686312428L, 302258799L, -517106267L, 1824245084L, 1357764914L, 
-1848678355L, 44279527L, 1848200206L, -891562520L, 203366379L, 
-2146934647L, -1087835112L, 1926316870L, -1815461471L, -913797069L, 
-1450418782L, 1892853908L, 1479368471L, 54728973L, -1028132828L, 
-1414328310L, -469011083L, 670135503L, 276559830L, 442120064L, 
1670212547L, 112999777L, 1736991696L, 1163694894L, -1765740839L, 
-1675764501L, -1416880806L, -860131556L, 1093257759L, 117906037L, 
61396748L, -1409037598L, -250368067L, 1212078928L, -649920724L, 
-300807820L, 2051746706L, -781485984L, 1366449548L, 427277152L, 
306559458L, -1204694104L, -1161751348L, -2119577604L, 108946866L, 
1518032368L, 1441164228L, -790792872L, 1243388282L, -1689353296L, 
-1826186820L, 1796835412L, 825558978L, 2029670432L, 1179551932L, 
-2120752560L, 287777762L, -385523608L, 1645016140L, 924330236L, 
-609424398L, 696019200L, 2083869044L, 1442692104L, -1288908870L, 
-805879344L, 1415654380L, 1072673172L, 765817298L, -61234848L, 
762830668L, 1100323104L, -683741310L, 1858412264L, 1710264556L, 
15610940L, -221271182L, 654311024L, -15289308L, 1230326584L, 
771787930L, 1765700304L, -1237548868L, -673780076L, -1511782782L, 
678811840L, -878513348L, 1883511952L, -730276318L, -1378910200L, 
300498188L, 805592220L, -126886382L, -1906032768L, 1356672532L, 
1484474920L, -1372420806L, 10492368L, 894235756L, 1614706996L, 
-525883758L, 519326560L, 960824140L, -1577232416L, 1708468130L, 
1877165992L, 98356620L, -1909167940L, -1099150990L, -914148112L, 
-1752367036L, 1118884184L, -418941382L, 936958832L, -1848035268L, 
-160063724L, -285297214L, -786089248L, -2111953028L, -1839173936L, 
1469495458L, -380560344L, 1219290380L, -265951300L, 1448798514L, 
1318234560L, 1570769460L, 1717644232L, -56985414L, -544974448L, 
1364980204L, -2070953388L, -1129267054L, -1328021728L, -481826356L, 
-1184508448L, -221694270L, 1530094632L, -324210004L, 1450427580L, 
1381399026L, -1110703824L, -204237660L, 1693984440L, -418902694L, 
-1750063728L, -1819372676L, 1561147668L, -1514974398L, 498268928L, 
868775868L, -927645872L, 518357794L, 1987140936L, 61667852L, 
-862037924L, 261246162L, 1628002816L, -1082274476L, 1786305000L, 
-1914233862L, 854470864L, -894943956L, 1282208500L, 278096274L, 
1958933600L, 1247053068L, -2078829856L, 2057374050L, -636990808L, 
-1265151412L, -84983428L, 1706067250L, -2061856656L, -451119292L, 
-5648936L, 1687690362L, 1711468080L, -1278997828L, -530116780L, 
491156546L, -1275392608L, -1292215620L, -1944741424L, 195677538L, 
936751080L, 1130145740L, -601817348L, 1189994994L, -245512064L, 
-433449740L, 120518280L, -1312979142L, -379530416L, -762907028L, 
1135267988L, 7217490L, -81576224L, 463467212L, 139481248L, -663733374L, 
-11652376L, -405286164L, 2027711548L, 1368253042L, -1071790992L, 
1654031908L, -1405410248L, -1580775398L, 1582582480L, 685712444L, 
577418388L, -1166873470L, -1629911104L, 1622391100L, 1722946192L, 
-2038170590L, 1350312968L, 705624204L, -1294726116L, -975853934L, 
-753855360L, 200990740L, -418175704L, -1643860422L, -770071344L, 
290686060L, 625693364L, 1685415954L, -1503995936L, -421572660L, 
-1062146592L, -668881374L, 1636067624L, 1349267724L, 672052796L, 
-1912774414L, 1894284016L, 48735044L, -255727016L, 1311920698L, 
343754480L, -1794376516L, 936578580L, 1757094082L, -777670560L, 
474467708L, -1673978672L, 631364642L, -1172301144L, 771420044L, 
1904236988L, -1815022542L, 162600768L, -739018572L, -1783168184L, 
942987962L, -458584304L, -1991108372L, 1948709972L, 629359733L, 
559423058L, -715122528L, -732458615L, -1154063941L, -2000536052L, 
325789594L, -493785329L, -456051367L, 1359843310L, -1996925316L, 
-106905875L, 852576663L, -587324832L, -1553729474L, -1187036917L, 
-91442291L, 522096826L, 1079498488L, -1358873439L, 1386915923L, 
-1465781388L, -1802325758L, -436244073L, -948450463L, -728813658L, 
626276772L, 1468465237L, 1024570623L, -352167528L, 141107894L, 
821345091L, -1732327803L, -461624542L, 1334824976L, -150467655L, 
-1650762645L, -646553764L, 2033419914L, 1652204159L, 828828617L, 
-500770722L, 58313484L, 2082198237L, 1032289255L, 1174183952L, 
1788661038L, -582139429L, 2006668989L, 2125497386L, -1352436536L, 
7598577L, 27885411L, 863160164L, 1843437202L, 1411930983L, -1774598863L, 
-1038885258L, 368426900L, 790977445L, -213406545L, -554655384L, 
885623110L, 1438327027L, 1143381589L, -1872428494L, 1032187904L, 
670536937L, 282276699L, -289606228L, -1611092550L, -1912104081L, 
2024299769L, -838041202L, -683453348L, 1208477389L, -1096043977L, 
261535936L, 515180446L, 1834273899L, 505932781L, 264203866L, 
-1974849256L, 1595342465L, -173419469L, 14180948L, -279943582L, 
-1241249545L, -860689599L, -215866938L, -1652528380L, -851616075L, 
1395804575L, -1052785160L, 213478358L, 790107747L, -2096839131L, 
-226339390L, -924824912L, 227558105L, -1786678197L, 746736316L, 
-2037516054L, 1342051615L, 1330724265L, 527072062L, 791254572L, 
-582245251L, -825614649L, 564463536L, 1533499854L, 1973990139L, 
-1167298211L, 1947038346L, 617980072L, 390480913L, 1587492099L, 
-2014849020L, -857286606L, -423661433L, 699833553L, -1010334122L, 
-28486092L, -1346425531L, 557358991L, 1376193288L, 1816775974L, 
1556461011L, 2125332277L, 1080137362L, 1996788320L, -1987378231L, 
937345787L, -240866100L, -1108400806L, -426760113L, -1216486119L, 
2101694254L, -1119747780L, -829978963L, -1454915241L, 1760243872L, 
-127185410L, -1426579253L, 1011515085L, 1723419130L, -888450504L, 
-406876191L, -412071789L, 550496948L, -710309950L, -711097385L, 
